Iteration_00:  0.001549
Iteration_01:  0.001257
Iteration_02:  0.001420
Iteration_03:  0.001293
Iteration_04:  0.001199
Iteration_05:  0.001086
Iteration_06:  0.001201
Iteration_07:  0.001251
Iteration_08:  0.001061
Iteration_09:  0.001115
Iteration_10:  0.001077
Iteration_11:  0.001037
Iteration_12:  0.000979
Iteration_13:  0.000977
Iteration_14:  0.000978
Iteration_15:  0.000932
Iteration_16:  0.000947
Iteration_17:  0.000987
Iteration_18:  0.001005
Iteration_19:  0.000935
Iteration_20:  0.001060
Iteration_21:  0.000961
Iteration_22:  0.000990
Iteration_23:  0.001034
Iteration_24:  0.001304
Iteration_25:  0.001057
Iteration_26:  0.001074
Iteration_27:  0.001052
Iteration_28:  0.001043
Iteration_29:  0.001034
Iteration_30:  0.001031
Iteration_31:  0.001054
Iteration_32:  0.000977
Iteration_33:  0.000928
Iteration_34:  0.000999
Iteration_35:  0.001172
Iteration_36:  0.000916
Iteration_37:  0.000969
Iteration_38:  0.000996
Iteration_39:  0.001492
Iteration_40:  0.000921
Iteration_41:  0.001163
Iteration_42:  0.001081
Iteration_43:  0.001158
Iteration_44:  0.001090
Iteration_45:  0.001113
Iteration_46:  0.001061
Iteration_47:  0.001021
Iteration_48:  0.000943
Iteration_49:  0.000968
Iteration_50:  0.000985
Iteration_51:  0.000974
Iteration_52:  0.000960
Iteration_53:  0.001106
Iteration_54:  0.001029
Iteration_55:  0.001009
Iteration_56:  0.000993
Iteration_57:  0.000973
Iteration_58:  0.001202
Iteration_59:  0.001070
Iteration_60:  0.001082
Iteration_61:  0.001072
Iteration_62:  0.001061
Iteration_63:  0.001076
Iteration_64:  0.000992
Iteration_65:  0.001030
Iteration_66:  0.000969
Iteration_67:  0.000946
Iteration_68:  0.000995
Iteration_69:  0.001051
Iteration_70:  0.001150
Iteration_71:  0.000990
Iteration_72:  0.000989
Iteration_73:  0.000984
Iteration_74:  0.001014
Iteration_75:  0.001274
Iteration_76:  0.001082
Iteration_77:  0.001148
Iteration_78:  0.001089
Iteration_79:  0.001042
Iteration_80:  0.001119
Iteration_81:  0.000960
Iteration_82:  0.001060
Iteration_83:  0.000985
Iteration_84:  0.000976
Iteration_85:  0.000987
Iteration_86:  0.001061
Iteration_87:  0.001011
Iteration_88:  0.001009
Iteration_89:  0.000981
Iteration_90:  0.001064
Iteration_91:  0.001077
Iteration_92:  0.001328
Iteration_93:  0.001067
Iteration_94:  0.001074
Iteration_95:  0.001177
Iteration_96:  0.001116
Iteration_97:  0.001012
Iteration_98:  0.000984
Iteration_99:  0.000949
Average: 0.001063
