Iteration_00:  0.098893
Iteration_01:  0.099572
Iteration_02:  0.099824
Iteration_03:  0.093700
Iteration_04:  0.090908
Iteration_05:  0.097192
Iteration_06:  0.099104
Iteration_07:  0.101280
Iteration_08:  0.100524
Iteration_09:  0.098887
Iteration_10:  0.093414
Iteration_11:  0.099379
Iteration_12:  0.094394
Iteration_13:  0.100397
Iteration_14:  0.092187
Iteration_15:  0.096946
Iteration_16:  0.095649
Iteration_17:  0.093779
Iteration_18:  0.091444
Iteration_19:  0.088634
Iteration_20:  0.091144
Iteration_21:  0.089643
Iteration_22:  0.093542
Iteration_23:  0.097311
Iteration_24:  0.095150
Iteration_25:  0.091779
Iteration_26:  0.088954
Iteration_27:  0.093892
Iteration_28:  0.091546
Iteration_29:  0.090869
Iteration_30:  0.085804
Iteration_31:  0.091148
Iteration_32:  0.094711
Iteration_33:  0.088774
Iteration_34:  0.091371
Iteration_35:  0.093233
Iteration_36:  0.099232
Iteration_37:  0.092812
Iteration_38:  0.090543
Iteration_39:  0.096480
Iteration_40:  0.088974
Iteration_41:  0.090568
Iteration_42:  0.090142
Iteration_43:  0.090008
Iteration_44:  0.092279
Iteration_45:  0.089775
Iteration_46:  0.091166
Iteration_47:  0.091698
Iteration_48:  0.097845
Iteration_49:  0.093157
Iteration_50:  0.089175
Iteration_51:  0.089265
Iteration_52:  0.092533
Iteration_53:  0.088939
Iteration_54:  0.090087
Iteration_55:  0.085147
Iteration_56:  0.089341
Iteration_57:  0.090941
Iteration_58:  0.096588
Iteration_59:  0.089661
Iteration_60:  0.090937
Iteration_61:  0.094267
Iteration_62:  0.088857
Iteration_63:  0.086651
Iteration_64:  0.093262
Iteration_65:  0.096933
Iteration_66:  0.090593
Iteration_67:  0.089136
Iteration_68:  0.093339
Iteration_69:  0.094944
Iteration_70:  0.091416
Iteration_71:  0.092956
Iteration_72:  0.093963
Iteration_73:  0.088750
Iteration_74:  0.088501
Iteration_75:  0.096489
Iteration_76:  0.090896
Iteration_77:  0.092069
Iteration_78:  0.092942
Iteration_79:  0.096660
Iteration_80:  0.088839
Iteration_81:  0.110981
Iteration_82:  0.101182
Iteration_83:  0.087406
Iteration_84:  0.090949
Iteration_85:  0.095274
Iteration_86:  0.101066
Iteration_87:  0.124995
Iteration_88:  0.314388
Iteration_89:  0.145862
Iteration_90:  0.156550
Iteration_91:  0.469628
Iteration_92:  0.113254
Iteration_93:  0.122262
Iteration_94:  0.140576
Iteration_95:  0.151888
Iteration_96:  0.136017
Iteration_97:  0.135580
Iteration_98:  0.138256
Iteration_99:  0.134116
Average: 0.103940
