Iteration_00:  0.189204
Iteration_01:  0.178855
Iteration_02:  0.190790
Iteration_03:  0.189338
Iteration_04:  0.221119
Iteration_05:  0.197062
Iteration_06:  0.214185
Iteration_07:  0.221598
Iteration_08:  0.231115
Iteration_09:  0.241978
Iteration_10:  0.231670
Iteration_11:  0.222564
Iteration_12:  0.231681
Iteration_13:  0.232154
Iteration_14:  0.227272
Iteration_15:  0.231394
Iteration_16:  0.241029
Iteration_17:  0.242581
Iteration_18:  0.248429
Iteration_19:  0.268715
Iteration_20:  0.253805
Iteration_21:  0.259186
Iteration_22:  0.265309
Iteration_23:  0.272916
Iteration_24:  0.270216
Iteration_25:  0.273443
Iteration_26:  0.282169
Iteration_27:  0.293194
Iteration_28:  0.284657
Iteration_29:  0.309557
Iteration_30:  0.313559
Iteration_31:  0.310902
Iteration_32:  0.301057
Iteration_33:  0.307618
Iteration_34:  0.310632
Iteration_35:  0.312686
Iteration_36:  0.316461
Iteration_37:  0.330549
Iteration_38:  0.324926
Iteration_39:  0.341081
Iteration_40:  0.339465
Iteration_41:  0.349462
Iteration_42:  0.343907
Iteration_43:  0.360249
Iteration_44:  0.350670
Iteration_45:  0.365619
Iteration_46:  0.361634
Iteration_47:  0.361233
Iteration_48:  0.390733
Iteration_49:  0.385522
Iteration_50:  0.365551
Iteration_51:  0.389647
Iteration_52:  0.388039
Iteration_53:  0.380569
Iteration_54:  0.390475
Iteration_55:  0.414496
Iteration_56:  0.408836
Iteration_57:  0.407056
Iteration_58:  0.394908
Iteration_59:  0.406918
Iteration_60:  0.433591
Iteration_61:  0.466881
Iteration_62:  0.411937
Iteration_63:  0.419500
Iteration_64:  0.423400
Iteration_65:  0.449330
Iteration_66:  0.431392
Iteration_67:  0.467680
Iteration_68:  0.445109
Iteration_69:  0.437694
Iteration_70:  0.442194
Iteration_71:  0.450087
Iteration_72:  0.447471
Iteration_73:  0.477713
Iteration_74:  0.450260
Iteration_75:  0.462812
Iteration_76:  0.470195
Iteration_77:  0.470072
Iteration_78:  0.478710
Iteration_79:  0.482258
Iteration_80:  0.474199
Iteration_81:  0.482662
Iteration_82:  0.496494
Iteration_83:  0.484152
Iteration_84:  0.488750
Iteration_85:  0.502638
Iteration_86:  0.496417
Iteration_87:  0.510119
Iteration_88:  0.501682
Iteration_89:  0.512267
Iteration_90:  0.509436
Iteration_91:  0.522969
Iteration_92:  0.527998
Iteration_93:  0.544477
Iteration_94:  0.531926
Iteration_95:  0.550884
Iteration_96:  0.579528
Iteration_97:  0.570376
Iteration_98:  0.552130
Iteration_99:  0.543718
Average: 0.373428
