Iteration_00:  0.014953
Iteration_01:  0.011909
Iteration_02:  0.010844
Iteration_03:  0.008738
Iteration_04:  0.008794
Iteration_05:  0.008642
Iteration_06:  0.008629
Iteration_07:  0.009330
Iteration_08:  0.011058
Iteration_09:  0.012204
Iteration_10:  0.011083
Iteration_11:  0.011847
Iteration_12:  0.011336
Iteration_13:  0.008548
Iteration_14:  0.008639
Iteration_15:  0.008435
Iteration_16:  0.008454
Iteration_17:  0.009672
Iteration_18:  0.008959
Iteration_19:  0.008855
Iteration_20:  0.011247
Iteration_21:  0.011984
Iteration_22:  0.009843
Iteration_23:  0.008364
Iteration_24:  0.008767
Iteration_25:  0.008418
Iteration_26:  0.008687
Iteration_27:  0.008614
Iteration_28:  0.009968
Iteration_29:  0.008457
Iteration_30:  0.009056
Iteration_31:  0.010678
Iteration_32:  0.008570
Iteration_33:  0.008377
Iteration_34:  0.008818
Iteration_35:  0.008347
Iteration_36:  0.008423
Iteration_37:  0.008593
Iteration_38:  0.008610
Iteration_39:  0.008702
Iteration_40:  0.009210
Iteration_41:  0.008997
Iteration_42:  0.008534
Iteration_43:  0.008468
Iteration_44:  0.008810
Iteration_45:  0.010132
Iteration_46:  0.009391
Iteration_47:  0.008929
Iteration_48:  0.010588
Iteration_49:  0.010226
Iteration_50:  0.009324
Iteration_51:  0.009387
Iteration_52:  0.009600
Iteration_53:  0.008776
Iteration_54:  0.011775
Iteration_55:  0.008966
Iteration_56:  0.009854
Iteration_57:  0.011283
Iteration_58:  0.010413
Iteration_59:  0.009025
Iteration_60:  0.011996
Iteration_61:  0.014008
Iteration_62:  0.012396
Iteration_63:  0.008791
Iteration_64:  0.008784
Iteration_65:  0.012532
Iteration_66:  0.011734
Iteration_67:  0.011474
Iteration_68:  0.012367
Iteration_69:  0.010336
Iteration_70:  0.009722
Iteration_71:  0.012112
Iteration_72:  0.010892
Iteration_73:  0.009162
Iteration_74:  0.010996
Iteration_75:  0.013059
Iteration_76:  0.010437
Iteration_77:  0.008695
Iteration_78:  0.009718
Iteration_79:  0.012582
Iteration_80:  0.008727
Iteration_81:  0.010752
Iteration_82:  0.008510
Iteration_83:  0.008766
Iteration_84:  0.008596
Iteration_85:  0.008534
Iteration_86:  0.008701
Iteration_87:  0.008519
Iteration_88:  0.009688
Iteration_89:  0.008715
Iteration_90:  0.008782
Iteration_91:  0.008796
Iteration_92:  0.008888
Iteration_93:  0.010525
Iteration_94:  0.009778
Iteration_95:  0.012243
Iteration_96:  0.009648
Iteration_97:  0.008709
Iteration_98:  0.008989
Iteration_99:  0.009224
Average: 0.009820
