Iteration_00:  0.015029
Iteration_01:  0.010424
Iteration_02:  0.009324
Iteration_03:  0.009709
Iteration_04:  0.009545
Iteration_05:  0.010384
Iteration_06:  0.014690
Iteration_07:  0.011098
Iteration_08:  0.010672
Iteration_09:  0.016441
Iteration_10:  0.012108
Iteration_11:  0.010684
Iteration_12:  0.012379
Iteration_13:  0.014749
Iteration_14:  0.015317
Iteration_15:  0.011341
Iteration_16:  0.013262
Iteration_17:  0.011866
Iteration_18:  0.014370
Iteration_19:  0.014340
Iteration_20:  0.012177
Iteration_21:  0.012269
Iteration_22:  0.012337
Iteration_23:  0.013844
Iteration_24:  0.017384
Iteration_25:  0.014147
Iteration_26:  0.015981
Iteration_27:  0.013428
Iteration_28:  0.016163
Iteration_29:  0.015801
Iteration_30:  0.015589
Iteration_31:  0.020640
Iteration_32:  0.019121
Iteration_33:  0.018413
Iteration_34:  0.014348
Iteration_35:  0.020873
Iteration_36:  0.016379
Iteration_37:  0.019123
Iteration_38:  0.021095
Iteration_39:  0.016794
Iteration_40:  0.020062
Iteration_41:  0.016193
Iteration_42:  0.023179
Iteration_43:  0.022867
Iteration_44:  0.021855
Iteration_45:  0.016872
Iteration_46:  0.016478
Iteration_47:  0.016492
Iteration_48:  0.018221
Iteration_49:  0.024260
Iteration_50:  0.022096
Iteration_51:  0.018474
Iteration_52:  0.017866
Iteration_53:  0.027305
Iteration_54:  0.021282
Iteration_55:  0.018039
Iteration_56:  0.023546
Iteration_57:  0.021990
Iteration_58:  0.020710
Iteration_59:  0.021673
Iteration_60:  0.022699
Iteration_61:  0.024161
Iteration_62:  0.018378
Iteration_63:  0.018755
Iteration_64:  0.019253
Iteration_65:  0.020430
Iteration_66:  0.020000
Iteration_67:  0.019138
Iteration_68:  0.025723
Iteration_69:  0.022959
Iteration_70:  0.023009
Iteration_71:  0.021630
Iteration_72:  0.027564
Iteration_73:  0.026861
Iteration_74:  0.025405
Iteration_75:  0.022708
Iteration_76:  0.024243
Iteration_77:  0.024964
Iteration_78:  0.024924
Iteration_79:  0.024394
Iteration_80:  0.026765
Iteration_81:  0.023214
Iteration_82:  0.024426
Iteration_83:  0.027812
Iteration_84:  0.025900
Iteration_85:  0.027024
Iteration_86:  0.026788
Iteration_87:  0.026071
Iteration_88:  0.025746
Iteration_89:  0.026234
Iteration_90:  0.022310
Iteration_91:  0.025397
Iteration_92:  0.022680
Iteration_93:  0.023186
Iteration_94:  0.025085
Iteration_95:  0.028025
Iteration_96:  0.025040
Iteration_97:  0.027908
Iteration_98:  0.027633
Iteration_99:  0.033135
Average: 0.019607
